353(0.833) out of 424 lines have comma 
238(0.561) -- 3 4 
19(0.045) -- 2 6 
18(0.042) -- 3 4 6 
17(0.040) -- 7 14 
10(0.024) -- 5 7 
10(0.024) -- 3 4 5 
10(0.024) -- 4 6 
9(0.021) -- 6 10 
8(0.019) -- 5 6 
8(0.019) -- 4 10 
8(0.019) -- 2 3 
7(0.017) -- 3 13 
6(0.014) -- 6 12 
5(0.012) -- 5 12 
5(0.012) -- 2 3 4 
4(0.009) -- 3 4 10 
3(0.007) -- 3 4 5 6 12 
3(0.007) -- 4 5 
2(0.005) -- 1 3 14 
2(0.005) -- 3 14 
2(0.005) -- 3 5 
2(0.005) -- 3 7 
2(0.005) -- 2 3 4 5 
2(0.005) -- 4 14 
2(0.005) -- 2 3 4 6 
2(0.005) -- 3 4 5 6 
2(0.005) -- 4 7 
2(0.005) -- 4 5 6 
1(0.002) -- 5 14 
1(0.002) -- 2 4 
1(0.002) -- 2 5 
1(0.002) -- 3 4 7 
1(0.002) -- 2 5 6 10 
1(0.002) -- 3 6 
1(0.002) -- 1 2 3 4 
1(0.002) -- 1 2 
1(0.002) -- 4 5 6 12 
1(0.002) -- 5 10 
1(0.002) -- 1 2 5 
1(0.002) -- 8 11 
1(0.002) -- 3 4 6 12 
1(0.002) -- 4 6 10 
1(0.002) -- 2 3 5 
1(0.002) -- 2 3 6 
